time flux flux_err timecorr cadenceno centroid_col centroid_row sap_flux sap_flux_err sap_bkg sap_bkg_err pdcsap_flux pdcsap_flux_err quality psf_centr1 psf_centr1_err psf_centr2 psf_centr2_err mom_centr1 mom_centr1_err mom_centr2 mom_centr2_err pos_corr1 pos_corr2
2390.6505911808053 1.0504416 0.0009896874 -0.0030111319 837503 1327.96093 1947.26252 15889.623 14.638386 1523.2323 3.8797321 17460.574 16.450708 0 "" "" "" "" 1327.96093 0.00075929385 1947.26252 0.00063507911 0.01199262 -0.0072367243
2390.6519800697624 1.0498204 0.00098950032 -0.0030111312 837504 1327.96101 1947.26007 15885.349 14.63562 1522.8535 3.8738332 17450.248 16.447599 0 "" "" "" "" 1327.96101 0.00075839687 1947.26007 0.00063469657 0.0091654807 -0.0097898636
2390.6533689587186 1.0496503 0.00098896679 -0.0030111305 837505 1327.96147 1947.26384 15874.127 14.627728 1517.9526 3.8725309 17447.42 16.438732 0 "" "" "" "" 1327.96147 0.00075984822 1947.26384 0.00063542981 0.012711206 -0.0055251387
2390.654757847442 1.0442065 0.00098674337 -0.00301113 837506 1327.96195 1947.26393 15770.103 14.594842 1527.0756 3.8762369 17356.932 16.401773 0 "" "" "" "" 1327.96195 0.00076272868 1947.26393 0.00063974445 0.0131449 -0.0076113176
2390.656146736399 1.0439308 0.00098738121 -0.0030111293 837507 1327.96149 1947.26178 15800.625 14.604275 1526.683 3.8749313 17352.35 16.412374 0 "" "" "" "" 1327.96149 0.00076109427 1947.26178 0.0006366687 0.014117027 -0.0065834094
2390.657535625355 1.0426288 0.0009870762 -0.0030111286 837508 1327.96924 1947.27955 15773.294 14.599766 1528.7025 3.8808777 17330.707 16.407307 0 "" "" "" "" 1327.96924 0.00076229527 1947.27955 0.00063881889 0.02499569 0.011898686
2390.6589245143114 1.0394174 0.00098495628 -0.0030111279 837509 1327.96567 1947.26278 15708.275 14.568409 1525.8235 3.8755021 17277.328 16.372068 0 "" "" "" "" 1327.96567 0.00076542515 1947.26278 0.00063975423 0.016570974 -0.0063550128
2390.660313403268 1.0349196 0.00098390668 -0.0030111272 837510 1327.95652 1947.25441 15654.116 14.552885 1529.6732 3.8826358 17202.564 16.354622 0 "" "" "" "" 1327.95652 0.00076580467 1947.25441 0.00063976418 0.005495843 -0.01667838
2390.661702292224 1.0336492 0.0009833494 -0.0030111265 837511 1327.96251 1947.2671 15646.825 14.544641 1525.897 3.8780627 17181.449 16.345358 0 "" "" "" "" 1327.96251 0.0007668591 1947.2671 0.00064026885 0.014169805 -0.0015987726
2390.6630911811803 1.0314058 0.00098254497 -0.0030111258 837512 1327.96676 1947.2683 15607.855 14.532744 1527.5352 3.8786182 17144.158 16.331987 0 "" "" "" "" 1327.96676 0.00076730334 1947.2683 0.00064158172 0.018070681 5.3097854e-05
2390.664480070137 1.0300206 0.00098169968 -0.0030111251 837513 1327.95679 1947.25872 15595.072 14.520241 1520.6343 3.8711631 17121.133 16.317936 0 "" "" "" "" 1327.95679 0.00076718495 1947.25872 0.00064088806 0.0079687936 -0.011304747
2390.665868959093 1.0265381 0.00098010944 -0.0030111244 837514 1327.96209 1947.25803 15506.357 14.49672 1529.9877 3.886786 17063.246 16.291504 0 "" "" "" "" 1327.96209 0.00077037001 1947.25803 0.00064562913 0.011750491 -0.011558052
2390.6672578480493 1.0251247 0.00098048768 -0.0030111237 837515 1327.96021 1947.26361 15518.813 14.502314 1529.8348 3.8850045 17039.752 16.297791 0 "" "" "" "" 1327.96021 0.000769565 1947.26361 0.00064401323 0.011756572 -0.0047226683
2390.6686467370064 1.0222826 0.00097897288 -0.003011123 837516 1327.96117 1947.26214 15472.455 14.479909 1528.0297 3.8797612 16992.512 16.272612 0 "" "" "" "" 1327.96117 0.00077282713 1947.26214 0.00064497249 0.010139554 -0.0077122324
2390.6700356259626 1.0212567 0.00097882561 -0.0030111223 837517 1327.96346 1947.26495 15463.577 14.477729 1525.5292 3.8784139 16975.457 16.270163 0 "" "" "" "" 1327.96346 0.0007712387 1947.26495 0.00064582663 0.016598007 -0.0030464425
2390.6714245149187 1.0177255 0.00097678159 -0.0030111216 837518 1327.95736 1947.25201 15393.682 14.447496 1525.2791 3.8760006 16916.762 16.236187 0 "" "" "" "" 1327.95736 0.00077309681 1947.25201 0.00064693141 0.0053640581 -0.019485425
2390.6728134038754 1.0168728 0.00097669591 -0.0030111209 837519 1327.96522 1947.26822 15385.566 14.446229 1523.2616 3.8775024 16902.588 16.234762 0 "" "" "" "" 1327.96522 0.0007749353 1947.26822 0.00064893777 0.017488329 0.00051831489
2390.6742022930644 1.0139191 0.00097528985 -0.00301112 837520 1327.95834 1947.26124 15343.55 14.425433 1518.0829 3.8765869 16853.492 16.211391 0 "" "" "" "" 1327.95834 0.00077441474 1947.26124 0.00064849085 0.0083224801 -0.010136092
2390.6755911820205 1.0115466 0.00097504858 -0.0030111193 837521 1327.96134 1947.26193 15319.065 14.421865 1527.7897 3.8815091 16814.055 16.20738 0 "" "" "" "" 1327.96134 0.00077691046 1947.26193 0.00064855046 0.011968765 -0.008193871
2390.676980070977 1.0101179 0.00097401114 -0.0030111186 837522 1327.95912 1947.25952 15294.098 14.40652 1521.2122 3.8722594 16790.309 16.190136 0 "" "" "" "" 1327.95912 0.00077640504 1947.25952 0.00064902322 0.0094385734 -0.010536072
2390.678368960166 1.0058286 0.00097296131 -0.0030111177 837523 1327.96339 1947.26433 15240.082 14.390993 1529.4266 3.8788095 16719.01 16.172686 0 "" "" "" "" 1327.96339 0.0007791284 1947.26433 0.00065131806 0.013057623 -0.0042478093
2390.6797578491223 1.0047768 0.00097216642 -0.003011117 837524 1327.95917 1947.25745 15223.277 14.379234 1520.2959 3.8723781 16701.527 16.159473 0 "" "" "" "" 1327.95917 0.00077938027 1947.25745 0.00065095775 0.008444027 -0.011870013
2390.6811467380794 1.0033128 0.00097194762 -0.0030111163 837525 1327.96203 1947.26341 15193.479 14.375998 1525.7742 3.8911822 16677.193 16.155836 0 "" "" "" "" 1327.96203 0.00078067998 1947.26341 0.00065216271 0.011875063 -0.0055274852
2390.6825356272684 1.0 0.00097053091 -0.0030111154 837526 1327.95892 1947.26255 15154.928 14.355045 1527.217 3.8787692 16622.127 16.132288 0 "" "" "" "" 1327.95892 0.00078082964 1947.26255 0.00065290648 0.0099880621 -0.0067568803
2390.6839245162246 1.0004393 0.00097059575 -0.0030111147 837527 1327.96496 1947.26421 15161.715 14.356003 1522.0392 3.8722379 16629.428 16.133366 0 "" "" "" "" 1327.96496 0.00078177406 1947.26421 0.00065304793 0.015508845 -0.0042026336
2390.6853134054145 1.0 0.00097083405 -0.0030111137 837528 1327.9603 1947.25452 15129.888 14.343074 1523.8058 3.8758299 16603.08 16.118835 0 "" "" "" "" 1327.9603 0.00078263646 1947.25452 0.00065298774 0.0091521367 -0.014588496
2390.6867022943707 0.99844807 0.00097195286 -0.003011113 837529 1327.95665 1947.25745 15055.06 14.317142 1524.7726 3.879585 16528.293 16.089693 0 "" "" "" "" 1327.95665 0.00078429398 1947.25745 0.00065650116 0.0055326833 -0.01101976
2390.6880911835597 1.0015544 0.00097374409 -0.0030111121 837530 1327.96211 1947.26262 15077.537 14.321266 1519.5768 3.8727853 16553.984 16.094328 0 "" "" "" "" 1327.96211 0.00078398298 1947.26262 0.00065575645 0.012468218 -0.0059548356
2390.689480072516 0.99999994 0.00097648142 -0.0030111114 837531 1327.96147 1947.26544 14998.425 14.293048 1522.2039 3.8757401 16449.482 16.062614 0 "" "" "" "" 1327.96147 0.00078541617 1947.26544 0.00065802236 0.012890695 -0.0028857272
2390.6908689617057 0.99999994 0.00098083063 -0.0030111105 837532 1327.9598 1947.25924 14888.397 14.250231 1522.2854 3.8745761 16327.484 16.014498 0 "" "" "" "" 1327.9598 0.00079050177 1947.25924 0.00065911305 0.0083407322 -0.010492292
2390.692257850662 0.99999994 0.00098543311 -0.0030111098 837533 1327.96202 1947.26252 14783.487 14.213062 1526.1349 3.8817756 16208.839 15.972727 0 "" "" "" "" 1327.96202 0.00079474325 1947.26252 0.00066315889 0.011910534 -0.0072172643
2390.693646739851 0.99999994 0.00098916283 -0.0030111088 837534 1327.95869 1947.25462 14681.854 14.170425 1525.5629 3.8773599 16099.28 15.92481 0 "" "" "" "" 1327.95869 0.00079791987 1947.25462 0.00066537812 0.0099592013 -0.015635105
2390.695035629041 1.0 0.00099505193 -0.0030111079 837535 1327.96325 1947.26569 14507.322 14.097914 1522.8652 3.8780148 15922.106 15.843323 0 "" "" "" "" 1327.96325 0.00080535468 1947.26569 0.00067161373 0.013903795 -0.0013523118
2390.696424517997 1.0 0.001001868 -0.0030111072 837536 1327.95735 1947.26183 14351.017 14.039102 1526.6833 3.8749142 15747.812 15.777229 0 "" "" "" "" 1327.95735 0.00080861145 1947.26183 0.00067682983 0.0066963439 -0.0065848408
2390.697813407186 1.0 0.0010090707 -0.0030111063 837537 1327.96014 1947.26186 14234.283 13.990895 1521.3622 3.8705511 15581.718 15.723055 0 "" "" "" "" 1327.96014 0.00081314001 1947.26186 0.00067840307 0.012523501 -0.0059112981
2390.6992022963755 1.0 0.0010160056 -0.0030111053 837538 1327.95684 1947.25525 14035.697 13.91315 1523.2222 3.8776703 15389.366 15.635684 0 "" "" "" "" 1327.95684 0.0008204187 1947.25525 0.00068465521 0.0059634284 -0.013853608
2390.7005911855645 1.0 0.0010255913 -0.0030111044 837539 1327.96414 1947.26107 13846.417 13.836291 1523.4086 3.874892 15161.312 15.54931 0 "" "" "" "" 1327.96414 0.00082750153 1947.26107 0.0006908896 0.015204548 -0.0061781583
2390.7019800747535 1.0 0.0010343895 -0.0030111035 837540 1327.95904 1947.26264 13644.492 13.754717 1527.9052 3.8802166 14943.728 15.457636 0 "" "" "" "" 1327.95904 0.00083540229 1947.26264 0.00069712312 0.010051933 -0.0053438954
2390.70336896371 1.0 0.0010421468 -0.0030111028 837541 1327.96108 1947.26293 13452.48 13.674661 1521.4996 3.8704505 14746.165 15.367668 0 "" "" "" "" 1327.96108 0.00084321731 1947.26293 0.00070473255 0.010831747 -0.0038044427
2390.704757852899 1.0 0.0010542218 -0.0030111019 837542 1327.95577 1947.25241 13235.165 13.581793 1513.7559 3.8679075 14478.266 15.263303 0 "" "" "" "" 1327.95577 0.00085179671 1947.25241 0.00070915144 0.0075396122 -0.017119607
2390.706146742088 1.0 0.0010649036 -0.0030111009 837543 1327.96478 1947.26854 13026.047 13.499872 1522.4266 3.8762946 14246.586 15.17124 0 "" "" "" "" 1327.96478 0.00086117664 1947.26854 0.00071880966 0.019320341 0.0020217109
2390.707535631278 1.0 0.0010774788 -0.0030111 837544 1327.95576 1947.25999 12798.111 13.406733 1523.6149 3.8771563 13983.17 15.066569 0 "" "" "" "" 1327.95576 0.00087203272 1947.25999 0.00072509318 0.0074193818 -0.0087832836
2390.708924520467 1.0 0.0010882361 -0.0030110991 837545 1327.96235 1947.25851 12585.908 13.317646 1528.3555 3.8774083 13752.946 14.966454 0 "" "" "" "" 1327.96235 0.0008796418 1947.25851 0.00073323585 0.01229897 -0.0088664712
2390.710313409656 1.0 0.0011000248 -0.0030110981 837546 1327.9599 1947.25789 12380.712 13.230497 1523.7295 3.8768418 13516.527 14.868515 0 "" "" "" "" 1327.9599 0.0008888673 1947.25789 0.0007409135 0.013407417 -0.0085592484
2390.7117022988455 1.0 0.0011142838 -0.0030110972 837547 1327.95308 1947.25494 12128.001 13.121161 1519.8262 3.8745475 13233.291 14.745642 0 "" "" "" "" 1327.95308 0.00090237986 1947.25494 0.00074990891 0.0037216255 -0.0139609
2390.7130911880345 0.99999994 0.0011258101 -0.0030110963 837548 1327.96085 1947.25917 11920.515 13.034479 1524.2694 3.8744595 13011.276 14.648228 0 "" "" "" "" 1327.96085 0.00091303437 1947.25917 0.00075905753 0.012620596 -0.005302676
2390.7144800772235 1.0 0.0011387864 -0.0030110953 837549 1327.96184 1947.25689 11732.294 12.959619 1520.9425 3.8804324 12789.14 14.564099 0 "" "" "" "" 1327.96184 0.00092352391 1947.25689 0.00076827756 0.012828452 -0.0094997566
2390.715868966413 0.98012286 0.0011289291 -0.0030110944 837550 1327.96005 1947.2592 11497.635 12.847439 1519.0819 3.8689439 12534.929 14.438032 0 "" "" "" "" 1327.96005 0.00093302346 1947.2592 0.0007767668 0.013916192 -0.0070167957
2390.7172578558348 0.96378356 0.0011221902 -0.0030110932 837551 1327.95613 1947.25955 11312.288 12.770748 1523.7144 3.8720949 12325.963 14.351847 0 "" "" "" "" 1327.95613 0.00094457716 1947.25955 0.00078668812 0.0066269161 -0.0080367699
2390.7186467450238 0.94727552 0.001115364 -0.0030110923 837552 1327.96359 1947.25846 11129.885 12.693066 1520.9491 3.8766618 12114.839 14.264546 0 "" "" "" "" 1327.96359 0.00095557945 1947.25846 0.00079459854 0.014761921 -0.0069769146
2390.7200356342137 0.92958355 0.0011080338 -0.0030110914 837553 1327.95541 1947.25583 10944.121 12.609648 1524.3009 3.8731494 11888.574 14.1708 0 "" "" "" "" 1327.95541 0.00096522877 1947.25583 0.0008006586 0.0090599572 -0.010413922
2390.7214245234027 0.91988611 0.0011030829 -0.0030110904 837554 1327.96195 1947.25948 10816.311 12.553305 1523.7358 3.8805685 11764.552 14.107481 0 "" "" "" "" 1327.96195 0.00097366079 1947.25948 0.00080855697 0.013157229 -0.0065974174
2390.7228134128245 0.90878457 0.0010987597 -0.0030110893 837555 1327.95719 1947.2624 10707.008 12.504107 1521.5133 3.8766518 11622.573 14.052192 0 "" "" "" "" 1327.95719 0.00097880338 1947.2624 0.00081367412 0.010129374 -0.0028348051
2390.724202302014 0.90178537 0.0010961405 -0.0030110884 837556 1327.9614 1947.25646 10624.78 12.4743 1529.9583 3.8826995 11533.06 14.018695 0 "" "" "" "" 1327.9614 0.00098574767 1947.25646 0.00081738888 0.013741468 -0.010071917
2390.7255911912034 0.89353478 0.0010920307 -0.0030110874 837557 1327.95257 1947.2493 10523.213 12.427527 1532.9614 3.8804703 11427.541 13.966132 0 "" "" "" "" 1327.95257 0.00099189288 1947.2493 0.00082170969 0.0061252285 -0.016521428
2390.7269800806253 0.89116871 0.0010901275 -0.0030110863 837558 1327.96689 1947.26207 10466.198 12.40587 1533.6794 3.8906975 11397.281 13.941793 0 "" "" "" "" 1327.96689 0.00099910714 1947.26207 0.00082806428 0.018756812 -0.0015194602
2390.7283689698143 0.88693976 0.0010884939 -0.0030110853 837559 1327.95877 1947.25768 10442.219 12.38728 1529.3577 3.878612 11343.197 13.920901 0 "" "" "" "" 1327.95877 0.00099729782 1947.25768 0.00082764495 0.0089505007 -0.0073553505
2390.729757859004 0.88854104 0.0010896099 -0.0030110844 837560 1327.95722 1947.25829 10458.124 12.39998 1533.1796 3.8895996 11363.676 13.935174 0 "" "" "" "" 1327.95722 0.00099665311 1947.25829 0.00082709675 0.010483912 -0.0059377234
2390.731146748426 0.8878895 0.0010902731 -0.0030110832 837561 1327.95438 1947.25858 10466.261 12.407526 1539.9529 3.8910956 11355.343 13.943655 0 "" "" "" "" 1327.95438 0.00099674833 1947.25858 0.0008252968 0.0082027894 -0.0062821931
2390.732535637615 0.88924342 0.0010910881 -0.0030110823 837562 1327.96058 1947.26026 10474.736 12.416801 1539.537 3.9032037 11372.659 13.954078 0 "" "" "" "" 1327.96058 0.00099548372 1947.26026 0.00082659558 0.014781873 -0.0021829614
2390.7339245270377 0.89018804 0.0010915397 -0.0030110811 837563 1327.95893 1947.25215 10493.176 12.421941 1541.5315 3.89171 11384.739 13.959854 0 "" "" "" "" 1327.95893 0.000993544 1947.25215 0.00082395325 0.010656066 -0.013899109
2390.7353134162267 0.89547074 0.0010938618 -0.0030110802 837564 1327.95824 1947.2579 10553.257 12.448365 1544.5731 3.8919742 11452.301 13.989551 0 "" "" "" "" 1327.95824 0.00099004968 1947.2579 0.00082216383 0.01077533 -0.0062963576
2390.7367023056486 0.89874017 0.0010961307 -0.003011079 837565 1327.95785 1947.25498 10590.405 12.474187 1556.8521 3.9056067 11494.114 14.018569 0 "" "" "" "" 1327.95785 0.00098939019 1947.25498 0.00082030735 0.010452006 -0.0096946433
2390.738091195071 0.90653807 0.0010990978 -0.0030110779 837566 1327.95849 1947.25756 10667.718 12.507955 1548.9211 3.9016705 11593.842 14.056516 0 "" "" "" "" 1327.95849 0.00098479842 1947.25756 0.00081653509 0.012927138 -0.0076526217
2390.73948008426 0.91442019 0.0011021231 -0.0030110769 837567 1327.9563 1947.25828 10759.553 12.542381 1546.6162 3.8956449 11694.648 14.095206 0 "" "" "" "" 1327.9563 0.00097845402 1947.25828 0.00081163674 0.010085523 -0.0062602954
2390.7408689736812 0.92270339 0.0011067252 -0.0030110758 837568 1327.95242 1947.2573 10851.718 12.594755 1563.1865 3.9098618 11800.583 14.154063 0 "" "" "" "" 1327.95242 0.00097385159 1947.2573 0.00080797466 0.0057629701 -0.0091331024
2390.742257862871 0.93439817 0.0011127858 -0.0030110748 837569 1327.95574 1947.25442 10992.273 12.663726 1565.3528 3.9159596 11950.148 14.231573 0 "" "" "" "" 1327.95574 0.00096575497 1947.25442 0.00080186164 0.010974024 -0.012567856
2390.743646752293 0.94821495 0.0011190878 -0.0030110737 837570 1327.961 1947.26342 11154.624 12.735444 1563.8424 3.9185841 12126.854 14.31217 0 "" "" "" "" 1327.961 0.00095876801 1947.26342 0.00079480396 0.015058332 -0.0006535367
2390.745035641715 0.96211231 0.0011252679 -0.0030110725 837571 1327.9557 1947.25411 11305.667 12.805775 1569.2365 3.9201674 12304.589 14.391209 0 "" "" "" "" 1327.9557 0.00094878708 1947.25411 0.00078726641 0.0074382243 -0.014309922
2390.7464245311376 0.97668159 0.0011319767 -0.0030110714 837572 1327.96113 1947.25876 11479.695 12.882124 1577.4932 3.9220538 12490.917 14.47701 0 "" "" "" "" 1327.96113 0.00093829719 1947.25876 0.00078035769 0.014656638 -0.0075984295
2390.7478134203266 0.99356407 0.001139621 -0.0030110704 837573 1327.9615 1947.26155 11673.361 12.969115 1576.2135 3.9281528 12706.83 14.574772 0 "" "" "" "" 1327.9615 0.00093081058 1947.26155 0.00077275099 0.013042767 -0.0052106576
2390.7492023097484 0.99999994 0.0011334204 -0.0030110693 837574 1327.96149 1947.26105 11894.947 13.073226 1593.0087 3.9379094 12962.332 14.691772 0 "" "" "" "" 1327.96149 0.00091874757 1947.26105 0.00076371321 0.013320953 -0.0062945974
2390.7505911991707 1.0 0.0011198481 -0.0030110681 837575 1327.95498 1947.25537 12106.676 13.158473 1585.9857 3.934998 13204.982 14.787574 0 "" "" "" "" 1327.95498 0.00090807106 1947.25537 0.00075398537 0.0067128395 -0.012318096
2390.7519800885925 1.0 0.0011078712 -0.0030110669 837576 1327.96078 1947.25987 12331.194 13.259857 1592.3024 3.9366019 13450.577 14.901508 0 "" "" "" "" 1327.96078 0.00089811749 1947.25987 0.00074641209 0.013565811 -0.00776006
2390.753368978014 0.99999994 0.0010964642 -0.0030110658 837577 1327.95425 1947.25853 12536.26 13.353762 1603.6222 3.9502285 13686.757 15.00704 0 "" "" "" "" 1327.95425 0.00088927738 1947.25853 0.00073843432 0.004580562 -0.0089630419
2390.7547578674357 1.0 0.0010827116 -0.0030110646 837578 1327.9573 1947.25805 12803.895 13.467347 1608.2201 3.9552217 13978.504 15.134688 0 "" "" "" "" 1327.9573 0.00087723578 1947.25805 0.00072847062 0.010694558 -0.0095732454
2390.756146756857 0.99999994 0.0010735206 -0.0030110634 837579 1327.96122 1947.25922 12979.709 13.546455 1617.6354 3.963016 14180.993 15.22359 0 "" "" "" "" 1327.96122 0.00086779246 1947.25922 0.00072275155 0.013613218 -0.0089301355
2390.757535646279 1.0 0.0010601286 -0.0030110623 837580 1327.95888 1947.26101 13246.256 13.65657 1618.8582 3.9643605 14476.863 15.347338 0 "" "" "" "" 1327.95888 0.00085675222 1947.26101 0.00071345118 0.010010337 -0.0065066768
2390.758924535701 1.0 0.0010513745 -0.0030110611 837581 1327.95504 1947.25665 13424.58 13.733625 1626.095 3.9720032 14679.77 15.433934 0 "" "" "" "" 1327.95504 0.00085016876 1947.25665 0.00070771395 0.0062957401 -0.012802891
2390.760313425123 1.0 0.0010410133 -0.0030110599 837582 1327.96043 1947.26039 13650.671 13.832453 1633.7123 3.9838371 14932.563 15.544996 0 "" "" "" "" 1327.96043 0.00084221136 1947.26039 0.00070057908 0.012761702 -0.0069355844
2390.761702314545 1.0 0.0010295066 -0.0030110588 837583 1327.95647 1947.25787 13887.37 13.930746 1641.5569 3.9875588 15206.759 15.655458 0 "" "" "" "" 1327.95647 0.00083405827 1947.25787 0.00069331931 0.0072189379 -0.011341672
2390.7630912039676 1.0 0.0010209357 -0.0030110576 837584 1327.9587 1947.26197 14085.823 14.015386 1648.1522 3.9942055 15427.589 15.750577 0 "" "" "" "" 1327.9587 0.00082565116 1947.26197 0.00068784627 0.011172518 -0.0053700348
2390.7644800933895 1.0 0.001010737 -0.0030110565 837585 1327.9592 1947.26049 14325.581 14.117203 1650.2332 3.9991903 15696.467 15.865 0 "" "" "" "" 1327.9592 0.00081794278 1947.26049 0.00068062718 0.011355923 -0.0080586541
2390.7658689828113 0.99999994 0.0010036187 -0.0030110553 837586 1327.95827 1947.25958 14503.405 14.192006 1665.2196 4.009325 15891.558 15.949064 0 "" "" "" "" 1327.95827 0.0008120694 1947.25958 0.00067594118 0.009831205 -0.010117701
2390.767257872467 1.0 0.00099630945 -0.0030110539 837587 1327.96153 1947.25829 14682.026 14.268505 1669.2465 4.0145035 16094.433 16.035034 0 "" "" "" "" 1327.96153 0.00080642692 1947.25829 0.00067103503 0.013752256 -0.011501398
2390.768646761889 1.0 0.00098885293 -0.0030110527 837588 1327.95565 1947.25948 14879.259 14.350391 1681.8079 4.0268941 16308.856 16.12706 0 "" "" "" "" 1327.95565 0.00079983257 1947.25948 0.00066533202 0.0067030885 -0.010376206
2390.770035651311 1.0 0.00098328607 -0.0030110516 837589 1327.96269 1947.26555 15009.293 14.407125 1688.1321 4.0314054 16466.029 16.190817 0 "" "" "" "" 1327.96269 0.00079481251 1947.26555 0.00066327635 0.014408712 -0.0019727719
2390.771424540733 1.0 0.00097717042 -0.0030110504 837590 1327.96006 1947.26122 15179.911 14.47765 1697.9244 4.0475049 16650.188 16.270071 0 "" "" "" "" 1327.96006 0.00079030509 1947.26122 0.00065744022 0.0095415674 -0.0088150185
2390.772813430388 0.99999994 0.00097415043 -0.003011049 837591 1327.96141 1947.2607 15273.745 14.523529 1712.6968 4.052485 16754.734 16.321632 0 "" "" "" "" 1327.96141 0.00078691333 1947.2607 0.00065589143 0.012371178 -0.0096818013
2390.77420231981 1.0 0.00096776366 -0.0030110478 837592 1327.95745 1947.25579 15420.886 14.579013 1710.3221 4.0476966 16929.738 16.383986 0 "" "" "" "" 1327.95745 0.00078197208 1947.25579 0.00065208186 0.0063074748 -0.014702221
2390.7755912092316 1.0 0.00096452481 -0.0030110467 837593 1327.95801 1947.26475 15505.351 14.621022 1722.1235 4.0625916 17035.533 16.431194 0 "" "" "" "" 1327.95801 0.00078051985 1947.26475 0.00065128336 0.0082212156 -0.0046530906
2390.776980098887 0.99999994 0.00096346578 -0.0030110453 837594 1327.95675 1947.25825 15561.156 14.649305 1739.1273 4.0788951 17087.248 16.46298 0 "" "" "" "" 1327.95675 0.00077934179 1947.25825 0.00064906228 0.0081816185 -0.012917303
2390.778368988309 1.0 0.00096248375 -0.0030110441 837595 1327.96329 1947.2635 15596.139 14.672011 1746.2549 4.0918059 17131.195 16.488497 0 "" "" "" "" 1327.96329 0.00077951956 1947.2635 0.00064948684 0.015767289 -0.0058442415
2390.7797578779637 1.0 0.00096130121 -0.0030110427 837596 1327.96136 1947.26274 15652.946 14.693867 1757.8413 4.0926065 17177.82 16.51306 0 "" "" "" "" 1327.96136 0.00077679614 1947.26274 0.00064753194 0.01282099 -0.0062870127
2390.781146767386 1.0 0.00095912762 -0.0030110416 837597 1327.96019 1947.26394 15713.749 14.724791 1765.0181 4.1014619 17252.982 16.547812 0 "" "" "" "" 1327.96019 0.00077669352 1947.26394 0.00064600899 0.011223113 -0.0059479098
2390.7825356570406 1.0 0.00095924345 -0.0030110402 837598 1327.95766 1947.25407 15718.723 14.734025 1778.3711 4.1173105 17261.717 16.558189 0 "" "" "" "" 1327.95766 0.00077675289 1947.25407 0.00064593565 0.0089175561 -0.017323276
2390.7839245464625 0.99999994 0.00095891993 -0.003011039 837599 1327.95773 1947.26921 15745.021 14.749738 1786.881 4.1248841 17285.953 16.575846 0 "" "" "" "" 1327.95773 0.00077514019 1947.26921 0.00064714591 0.0092107141 0.00063661009
2390.7853134361176 1.0 0.00095612364 -0.0030110376 837600 1327.96132 1947.2621 15838.944 14.79476 1804.1423 4.1349454 17389.428 16.626442 0 "" "" "" "" 1327.96132 0.00077409652 1947.2621 0.00064400875 0.01117899 -0.0082770996
2390.7867023255394 1.0 0.00095587492 -0.0030110364 837601 1327.95897 1947.25651 15850.08 14.809577 1815.5673 4.1487713 17411.371 16.643093 0 "" "" "" "" 1327.95897 0.00077428529 1947.25651 0.00064392807 0.0097466437 -0.014242349
2390.788091215194 1.0 0.00095358538 -0.003011035 837602 1327.9593 1947.26529 15921.841 14.837451 1819.1007 4.1525812 17486.027 16.674419 0 "" "" "" "" 1327.9593 0.0007710869 1947.26529 0.00064344885 0.011195976 -0.0036714291
2390.789480104617 1.0 0.00095358468 -0.0030110339 837603 1327.95742 1947.25782 15941.691 14.859071 1842.844 4.1750431 17511.518 16.698715 0 "" "" "" "" 1327.95742 0.0007721365 1947.25782 0.0006426195 0.009998057 -0.012796519
2390.7908689942715 1.0 0.00095151499 -0.0030110325 837604 1327.9588 1947.26066 15996.666 14.880712 1843.7219 4.1743541 17575.168 16.723036 0 "" "" "" "" 1327.9588 0.00077139289 1947.26066 0.00064210541 0.0088512218 -0.00974112
2390.792257883926 1.0 0.00095140503 -0.0030110311 837605 1327.95955 1947.26286 16030.049 14.906386 1864.1847 4.1936145 17607.527 16.75189 0 "" "" "" "" 1327.95955 0.00077091384 1947.26286 0.00064179569 0.010207547 -0.007987367
2390.7936467735813 0.99999994 0.00095032551 -0.0030110297 837606 1327.96033 1947.26389 16065.053 14.927572 1879.1678 4.2053189 17652.58 16.775698 0 "" "" "" "" 1327.96033 0.0007703185 1947.26389 0.00064124871 0.010940393 -0.0062823417
2390.795035663003 1.0 0.00095073966 -0.0030110285 837607 1327.96054 1947.26097 16083.232 14.944059 1894.0194 4.2190671 17664.379 16.794226 0 "" "" "" "" 1327.96054 0.00077018217 1947.26097 0.00064126105 0.012075977 -0.009825239
2390.7964245526578 1.0 0.00094834896 -0.0030110271 837608 1327.95675 1947.25399 16162.162 14.983853 1903.4508 4.2280283 17756.066 16.838947 0 "" "" "" "" 1327.95675 0.00076858938 1947.25399 0.00063898094 0.0072649904 -0.017903773
2390.797813442313 1.0 0.00094863871 -0.0030110257 837609 1327.96057 1947.26671 16169.725 14.990341 1916.0128 4.2372451 17758.328 16.846237 0 "" "" "" "" 1327.96057 0.00076903234 1947.26671 0.00064004684 0.01306985 -0.0023157105
2390.7992023319675 1.0 0.0009474486 -0.0030110243 837610 1327.95997 1947.25893 16212.018 15.017725 1926.7343 4.2497935 17813.117 16.877012 0 "" "" "" "" 1327.95997 0.0007684697 1947.25893 0.00063904247 0.010993494 -0.011851945
2390.800591221622 1.0 0.00094577047 -0.0030110229 837611 1327.95802 1947.26325 16272.138 15.048063 1945.3911 4.2598572 17880.773 16.911106 0 "" "" "" "" 1327.95802 0.00076660636 1947.26325 0.00063869212 0.010172643 -0.006258335
2390.801980111045 1.0 0.00094518333 -0.0030110218 837612 1327.9614 1947.26173 16307.019 15.070374 1956.714 4.2753716 17918.406 16.93618 0 "" "" "" "" 1327.9614 0.00076712266 1947.26173 0.00063800946 0.012783013 -0.0088201938
2390.8033690006996 1.0 0.00094420282 -0.0030110204 837613 1327.95849 1947.26257 16350.003 15.091682 1969.7544 4.286128 17962.377 16.960127 0 "" "" "" "" 1327.95849 0.00076592912 1947.26257 0.00063685619 0.0090301167 -0.0073141432
2390.8047578903543 1.0 0.00094348396 -0.003011019 837614 1327.95697 1947.26248 16369.155 15.112957 1994.9927 4.3032794 18001.404 16.984035 0 "" "" "" "" 1327.95697 0.00076657278 1947.26248 0.00063749781 0.0087800659 -0.0088228229
2390.80614678001 1.0 0.00094158185 -0.0030110176 837615 1327.95869 1947.26028 16436.883 15.140522 1997.9396 4.3138614 18070.668 17.015013 0 "" "" "" "" 1327.95869 0.00076454942 1947.26028 0.00063614611 0.0092401085 -0.010386462
2390.807535669665 1.0 0.00094251079 -0.0030110162 837616 1327.96036 1947.26505 16445.254 15.160237 2021.1398 4.3314724 18076.363 17.037169 0 "" "" "" "" 1327.96036 0.00076614774 1947.26505 0.00063675985 0.0095083788 -0.0055474807
2390.8089245593196 1.0 0.00094221282 -0.0030110148 837617 1327.95841 1947.26519 16483.451 15.186443 2041.3988 4.35323 18113.34 17.06662 0 "" "" "" "" 1327.95841 0.00076518056 1947.26519 0.00063627923 0.011014231 -0.0043815477
2390.810313448974 0.99999994 0.00094168872 -0.0030110134 837618 1327.95842 1947.25975 16517.979 15.214795 2060.988 4.3731065 18157.254 17.098482 0 "" "" "" "" 1327.95842 0.00076554343 1947.25975 0.00063579093 0.0097604869 -0.010713737
2390.8117023386294 0.99999994 0.000940978 -0.003011012 837619 1327.95809 1947.25778 16559.066 15.241854 2078.7952 4.3835764 18203.283 17.128889 0 "" "" "" "" 1327.95809 0.00076483894 1947.25778 0.00063613703 0.0083852615 -0.013145707
2390.813091228284 1.0 0.00093909493 -0.0030110106 837620 1327.9618 1947.26395 16620.322 15.267686 2087.5012 4.39499 18270.699 17.157921 0 "" "" "" "" 1327.9618 0.00076352811 1947.26395 0.00063415262 0.012395331 -0.0057414938
2390.8144801181716 1.000223 0.00093909015 -0.003011009 837621 1327.95855 1947.26312 16647.738 15.284545 2104.8101 4.4010038 18295.045 17.176867 0 "" "" "" "" 1327.95855 0.00076256343 1947.26312 0.00063371588 0.010582968 -0.0063528395
2390.815869007827 0.99977702 0.00093957299 -0.0030110076 837622 1327.95787 1947.25712 16643.182 15.295815 2122.6055 4.4217606 18290.967 17.189531 0 "" "" "" "" 1327.95787 0.00076400972 1947.25712 0.00063393859 0.0078895614 -0.014128461
2390.817257897482 1.0 0.00093842769 -0.0030110062 837623 1327.95675 1947.26148 16701.879 15.332752 2142.5088 4.4341741 18361.607 17.231041 0 "" "" "" "" 1327.95675 0.00076367485 1947.26148 0.00063436833 0.0084894625 -0.0096495561
2390.8186467871365 1.0 0.00093814387 -0.0030110048 837624 1327.96055 1947.25982 16726.156 15.351413 2162.3745 4.45122 18389.52 17.252014 0 "" "" "" "" 1327.96055 0.00076375797 1947.25982 0.00063358736 0.010941534 -0.010403039
2390.8200356767916 1.0 0.00093816419 -0.0030110034 837625 1327.96186 1947.26424 16752.795 15.36991 2177.5273 4.4655695 18411.277 17.2728 0 "" "" "" "" 1327.96186 0.00076273922 1947.26424 0.00063401676 0.01568705 -0.0057006031
2390.821424566679 1.0 0.00093616924 -0.0030110017 837626 1327.95833 1947.26405 16808.018 15.399218 2196.1116 4.4807439 18485.693 17.305737 0 "" "" "" "" 1327.95833 0.00076271675 1947.26405 0.00063288177 0.0095067918 -0.007587078
2390.8228134563337 1.0 0.00093588716 -0.0030110003 837627 1327.95821 1947.26224 16823.951 15.413673 2210.7634 4.4906731 18508.621 17.321981 0 "" "" "" "" 1327.95821 0.00076272886 1947.26224 0.00063365209 0.010520305 -0.0089382986
2390.824202345989 1.0 0.00093630783 -0.0030109989 837628 1327.95243 1947.25912 16828.256 15.430433 2232.5166 4.5110893 18520.424 17.340816 0 "" "" "" "" 1327.95243 0.00076418126 1947.25912 0.00063385529 0.0019256013 -0.012803297
2390.8255912356435 1.0 0.00093740871 -0.0030109975 837629 1327.9595 1947.26211 16855.846 15.455721 2258.3896 4.5377197 18528.986 17.369234 0 "" "" "" "" 1327.9595 0.00076393614 1947.26211 0.00063360826 0.011441855 -0.0083738752
2390.826980125531 1.0 0.00093713799 -0.0030109959 837630 1327.95911 1947.2636 16884.051 15.479124 2277.8242 4.5540881 18562.406 17.395536 0 "" "" "" "" 1327.95911 0.00076361559 1947.2636 0.00063304097 0.012098983 -0.0071737776
2390.8283690151866 1.0009849 0.00093610748 -0.0030109945 837631 1327.96036 1947.2635 16951.156 15.509288 2288.6006 4.5610452 18637.387 17.429432 0 "" "" "" "" 1327.96036 0.0007624026 1947.2635 0.00063221972 0.011210356 -0.0056976476
2390.829757905074 0.99901617 0.00093558838 -0.0030109929 837632 1327.95828 1947.26424 16933.975 15.515952 2315.0745 4.5801296 18619.051 17.436924 0 "" "" "" "" 1327.95828 0.00076358957 1947.26424 0.00063330261 0.010989766 -0.0054654432
2390.8311467947287 1.0 0.00093634613 -0.0030109915 837633 1327.9535 1947.25362 16954.588 15.53674 2333.0964 4.5961533 18647.256 17.460285 0 "" "" "" "" 1327.9535 0.00076278712 1947.25362 0.00063275814 0.0017013981 -0.017973034
2390.832535684384 1.000585 0.00093598955 -0.0030109901 837634 1327.95992 1947.26633 16997.844 15.558746 2347.0706 4.602561 18691.707 17.485016 0 "" "" "" "" 1327.95992 0.00076369644 1947.26633 0.00063352031 0.01219462 -0.0041673747
2390.8339245742714 0.9994154 0.0009364399 -0.0030109885 837635 1327.96157 1947.26419 16983.277 15.575339 2380.98 4.6327724 18680.781 17.503662 0 "" "" "" "" 1327.96157 0.00076534337 1947.26419 0.00063374138 0.014689418 -0.0061414889
2390.835313463926 1.0 0.00093639421 -0.0030109871 837636 1327.95764 1947.26338 17005.975 15.589857 2388.4587 4.6412663 18710.045 17.519978 0 "" "" "" "" 1327.95764 0.00076482125 1947.26338 0.0006343025 0.0083827833 -0.0063955905
2390.836702353814 1.0004517 0.00093786011 -0.0030109854 837637 1327.9606 1947.26186 17020.975 15.614264 2421.134 4.6676869 18718.494 17.547405 0 "" "" "" "" 1327.9606 0.00076524139 1947.26186 0.00063387392 0.014729761 -0.0086759767
2390.8380912437015 1.0008634 0.00093851023 -0.0030109838 837638 1327.95102 1947.25577 17027.293 15.625086 2438.6909 4.6756015 18726.199 17.559568 0 "" "" "" "" 1327.95102 0.00076684641 1947.25577 0.00063402264 0.0027223909 -0.015840681
2390.839480133356 1.0029595 0.00093985669 -0.0030109824 837639 1327.96159 1947.26274 17055.846 15.647503 2455.5728 4.6971669 18765.416 17.584761 0 "" "" "" "" 1327.96159 0.00076700805 1947.26274 0.00063457998 0.016032273 -0.0073045539
2390.8408690232445 1.0029155 0.00094079674 -0.0030109808 837640 1327.95992 1947.26397 17059.832 15.663152 2480.3286 4.7120628 18764.592 17.602348 0 "" "" "" "" 1327.95992 0.00076735776 1947.26397 0.00063475536 0.012441008 -0.0069034612
2390.842257912899 1.0029373 0.00094192033 -0.0030109794 837641 1327.95783 1947.26588 17063.457 15.68186 2505.1492 4.7336369 18765.002 17.623371 0 "" "" "" "" 1327.95783 0.00076845742 1947.26588 0.00063655293 0.0092754876 -0.0033036915
2390.8436468027867 1.0021611 0.00094207679 -0.0030109778 837642 1327.95997 1947.26102 17047.457 15.684465 2523.8381 4.7521067 18750.48 17.626299 0 "" "" "" "" 1327.95997 0.00076952367 1947.26102 0.00063637854 0.012241743 -0.0091317585
2390.845035692675 1.0054016 0.00094377703 -0.0030109761 837643 1327.95623 1947.26058 17093.16 15.712771 2540.4094 4.7631068 18811.109 17.65811 0 "" "" "" "" 1327.95623 0.00076849037 1947.26058 0.00063623465 0.0085470043 -0.010151015
2390.8464245823293 1.0051422 0.00094485166 -0.0030109747 837644 1327.95512 1947.25871 17091.184 15.730664 2571.8391 4.7851429 18806.256 17.678217 0 "" "" "" "" 1327.95512 0.00077124214 1947.25871 0.00063642423 0.0072537446 -0.012939204
2390.847813472217 1.0043648 0.00094532204 -0.0030109731 837645 1327.96275 1947.26533 17084.881 15.738494 2593.3579 4.8018856 18791.711 17.687017 0 "" "" "" "" 1327.96275 0.00077099225 1947.26533 0.00063790177 0.014700562 -0.0049571274
2390.8492023621047 1.006869 0.00094684254 -0.0030109715 837646 1327.96068 1947.26295 17128.877 15.763809 2609.4668 4.816227 18838.564 17.715466 0 "" "" "" "" 1327.96068 0.00077055133 1947.26295 0.00063712301 0.013952862 -0.0079669422
2390.850591251993 1.0069491 0.00094790751 -0.0030109698 837647 1327.95749 1947.2608 17124.215 15.781539 2639.1272 4.8372154 18840.062 17.735392 0 "" "" "" "" 1327.95749 0.00077246921 1947.2608 0.00063810754 0.0097958324 -0.0092859948
2390.8519801418806 1.0041801 0.00094789028 -0.0030109682 837648 1327.95678 1947.26153 17081.885 15.781252 2662.9014 4.8564029 18788.254 17.735069 0 "" "" "" "" 1327.95678 0.00077419227 1947.26153 0.00064038933 0.0078514935 -0.0092274882
2390.8533690315353 1.0040445 0.00094894186 -0.0030109668 837649 1327.95918 1947.26114 17080.941 15.798759 2690.6091 4.8793197 18785.719 17.754744 0 "" "" "" "" 1327.95918 0.00077483896 1947.26114 0.00064072345 0.011891306 -0.0096727889
2390.8547579214237 1.0054774 0.00094975106 -0.0030109652 837650 1327.95973 1947.26208 17093.354 15.812232 2703.9246 4.8885899 18812.525 17.769884 0 "" "" "" "" 1327.95973 0.00077805918 1947.26208 0.00064126181 0.01046858 -0.0080109034
2390.856146811311 1.0052828 0.00095070439 -0.0030109636 837651 1327.96122 1947.26275 17095.205 15.828104 2733.7073 4.9154801 18808.885 17.787722 0 "" "" "" "" 1327.96122 0.00077760353 1947.26275 0.00064154144 0.013021065 -0.0087804263
2390.8575357011987 1.0062817 0.0009517282 -0.0030109619 837652 1327.96041 1947.26489 17121.51 15.845149 2748.9658 4.9272294 18827.576 17.806877 0 "" "" "" "" 1327.96041 0.00077644282 1947.26489 0.000641555 0.012131597 -0.0054104463
2390.8589245910866 1.003112 0.00095171866 -0.0030109603 837653 1327.95687 1947.26191 17066.193 15.84499 2781.583 4.9512796 18768.27 17.806698 0 "" "" "" "" 1327.95687 0.00077954557 1947.26191 0.00064370793 0.010056733 -0.0077027488
2390.860313480974 1.0041846 0.00095266046 -0.0030109587 837654 1327.95844 1947.26213 17083.85 15.86067 2795.3772 4.9599552 18788.34 17.82432 0 "" "" "" "" 1327.95844 0.00078030128 1947.26213 0.00064397429 0.0094908271 -0.0083630383
2390.8617023708616 1.0054353 0.00095382828 -0.003010957 837655 1327.95873 1947.2606 17107.67 15.880112 2815.0134 4.9769149 18811.738 17.846169 0 "" "" "" "" 1327.95873 0.00078014215 1947.2606 0.00064292812 0.010202095 -0.010716115
2390.8630912607496 1.0033394 0.00095395581 -0.0030109554 837656 1327.95805 1947.2652 17062.682 15.882236 2844.769 4.9958105 18772.525 17.848557 0 "" "" "" "" 1327.95805 0.00078291335 1947.2652 0.00064594013 0.010284288 -0.0049316916
2390.864480150637 1.0059372 0.00095585024 -0.0030109538 837657 1327.96325 1947.26364 17110.695 15.913776 2868.1934 5.0135984 18821.129 17.884001 0 "" "" "" "" 1327.96325 0.00078199932 1947.26364 0.00064511743 0.016406162 -0.0059923138
2390.8658690405246 1.0018015 0.00095520652 -0.0030109521 837658 1327.95802 1947.25982 17044.42 15.903058 2892.1982 5.0303464 18743.75 17.871956 0 "" "" "" "" 1327.95802 0.00078660087 1947.25982 0.00064708875 0.0076962602 -0.01005097
2390.867257930413 1.0010846 0.00095600216 -0.0030109505 837659 1327.95791 1947.26282 17030.246 15.916306 2913.6824 5.051578 18730.338 17.886843 0 "" "" "" "" 1327.95791 0.00078580336 1947.26282 0.00064878893 0.0098978439 -0.007965981
2390.8686468203005 1.0002816 0.00095642352 -0.0030109489 837660 1327.95844 1947.26257 17016.336 15.923322 2938.9214 5.0695052 18715.314 17.894728 0 "" "" "" "" 1327.95844 0.00078752055 1947.26257 0.00064938964 0.011903327 -0.0089805834
2390.870035710421 1.0 0.00095762953 -0.003010947 837661 1327.95915 1947.26261 16997.701 15.929034 2960.6604 5.0891633 18693.186 17.901146 0 "" "" "" "" 1327.95915 0.00078904623 1947.26261 0.00065021904 0.010727178 -0.008158844
2390.8714246003087 0.99963367 0.00095872977 -0.0030109454 837662 1327.95868 1947.26014 16983.488 15.937804 2984.7817 5.1021166 18675.17 17.911003 0 "" "" "" "" 1327.95868 0.00079081696 1947.26014 0.00065104163 0.011656002 -0.009162589
2390.872813490196 1.0003664 0.00095993298 -0.0030109438 837663 1327.9578 1947.26154 16981.701 15.951962 3007.2505 5.1172781 18682.014 17.926912 0 "" "" "" "" 1327.9578 0.00079091633 1947.26154 0.00065231032 0.010044207 -0.0090083526
2390.8742023800837 0.99983358 0.00096170668 -0.0030109421 837664 1327.96243 1947.26537 16955.258 15.954296 3030.5022 5.1330047 18640.352 17.929535 0 "" "" "" "" 1327.96243 0.0007934079 1947.26537 0.00065356877 0.015640385 -0.0036449716
2390.875591269971 1.0001664 0.00096238626 -0.0030109405 837665 1327.95461 1947.25954 16953.084 15.962912 3047.5801 5.1485829 18643.455 17.939219 0 "" "" "" "" 1327.95461 0.00079464156 1947.25954 0.000653625 0.0070271655 -0.011673549
2390.876980160091 1.0 0.00096344127 -0.0030109386 837666 1327.96084 1947.26484 16944.295 15.972767 3064.6619 5.1589727 18631.438 17.950294 0 "" "" "" "" 1327.96084 0.00079572102 1947.26484 0.00065441412 0.013587381 -0.0054922444
2390.8783690499786 1.0 0.00096504868 -0.003010937 837667 1327.95802 1947.26148 16921.111 15.981248 3096.7224 5.1797457 18610.279 17.959826 0 "" "" "" "" 1327.95802 0.00079762458 1947.26148 0.00065599498 0.011111788 -0.0089748558
2390.8797579398665 1.0 0.00096650794 -0.0030109354 837668 1327.95948 1947.264 16911.867 15.987645 3112.7227 5.1918159 18589.617 17.967014 0 "" "" "" "" 1327.95948 0.00079800503 1947.264 0.00065682433 0.013626974 -0.0047242418
2390.881146829987 1.0 0.00096822286 -0.0030109335 837669 1327.95619 1947.25985 16859.236 15.981393 3129.0823 5.2078185 18549.436 17.959988 0 "" "" "" "" 1327.95619 0.00080214953 1947.25985 0.00065894512 0.0071180882 -0.010875222
2390.882535719874 1.0 0.0009695827 -0.0030109319 837670 1327.95914 1947.26571 16869.695 16.00375 3168.1965 5.2338982 18549.334 17.985113 0 "" "" "" "" 1327.95914 0.00080201984 1947.26571 0.00065889501 0.010716152 -0.0045883702
2390.8839246097623 1.0 0.00097130344 -0.0030109303 837671 1327.95618 1947.26017 16840.012 16.004261 3179.6165 5.2420669 18517.064 17.985687 0 "" "" "" "" 1327.95618 0.00080370985 1947.26017 0.00065983925 0.0079375543 -0.01246972
2390.8853134998826 0.99994099 0.0009734573 -0.0030109284 837672 1327.96267 1947.26255 16802.566 16.004423 3208.9514 5.2632742 18475.189 17.98587 0 "" "" "" "" 1327.96267 0.00080564234 1947.26255 0.0006618558 0.015935741 -0.0070347888
2390.88670238977 1.000059 0.00097445928 -0.0030109268 837673 1327.95533 1947.25767 16803.797 16.019951 3232.9285 5.2813935 18476.281 18.003321 0 "" "" "" "" 1327.95533 0.0008067278 1947.25767 0.00066261727 0.0059903129 -0.012480319
2390.8880912798913 1.0 0.00097601156 -0.0030109249 837674 1327.95619 1947.25737 16777.268 16.0184 3242.4102 5.2904053 18444.021 18.001577 0 "" "" "" "" 1327.95619 0.00080780708 1947.25737 0.00066319044 0.0069917957 -0.01308083
2390.889480169779 1.0 0.00097717007 -0.0030109233 837675 1327.96015 1947.26426 16771.084 16.028542 3268.6663 5.3059664 18433.818 18.012976 0 "" "" "" "" 1327.96015 0.00080922537 1947.26426 0.00066435529 0.013056515 -0.0064720432
2390.890869059899 1.0 0.00097829453 -0.0030109214 837676 1327.96374 1947.26631 16764.432 16.038855 3290.7043 5.3194275 18424.479 18.024565 0 "" "" "" "" 1327.96374 0.0008095057 1947.26631 0.00066540833 0.01850359 -0.0033436732
2390.892257949787 0.99926031 0.00098056172 -0.0030109198 837677 1327.9562 1947.26139 16677.688 16.023968 3310.9146 5.3358517 18351.229 18.007833 0 "" "" "" "" 1327.9562 0.0008150842 1947.26139 0.00066847552 0.0069217458 -0.0075920327
2390.893646839908 1.0007402 0.00098191272 -0.0030109179 837678 1327.95829 1947.26309 16688.082 16.034178 3330.2034 5.3480406 18364.812 18.019306 0 "" "" "" "" 1327.95829 0.00081460271 1947.26309 0.00066848641 0.0087805148 -0.0084900875
2390.8950357297954 1.0 0.00098319026 -0.0030109163 837679 1327.95609 1947.25536 16672.291 16.045996 3351.9875 5.3682346 18340.896 18.032591 0 "" "" "" "" 1327.95609 0.00081632228 1947.25536 0.00067008456 0.0077755842 -0.015336555
2390.8964246199157 0.99877989 0.0009841501 -0.0030109144 837680 1327.96034 1947.2643 16651.607 16.049555 3374.2217 5.3772159 18304.707 18.036587 0 "" "" "" "" 1327.96034 0.00081735058 1947.2643 0.0006708834 0.01336839 -0.0051454841
2390.897813510037 1.0012217 0.00098629622 -0.0030109126 837681 1327.96064 1947.26156 16674.709 16.064926 3390.2971 5.3896747 18327.07 18.053864 0 "" "" "" "" 1327.96064 0.00081818667 1947.26156 0.00067077688 0.013128854 -0.0078696981
2390.8992023999244 0.99868858 0.00098694302 -0.0030109109 837682 1327.95606 1947.26081 16612.277 16.061619 3415.7966 5.409955 18264.963 18.050148 0 "" "" "" "" 1327.95606 0.00082091364 1947.26081 0.0006729922 0.0086517017 -0.0098193325
2390.9005912900448 1.0013132 0.00098898308 -0.0030109091 837683 1327.95942 1947.26395 16631.73 16.073713 3426.5674 5.4185205 18288.947 18.063738 0 "" "" "" "" 1327.95942 0.00082075095 1947.26395 0.00067276426 0.014824049 -0.0055600074
2390.9019801801655 1.0 0.00099027285 -0.0030109072 837684 1327.95818 1947.26338 16592.061 16.078388 3459.1885 5.4413123 18246.479 18.068993 0 "" "" "" "" 1327.95818 0.00082383252 1947.26338 0.00067468092 0.011237226 -0.0073780683
2390.903369070053 1.0 0.00099228555 -0.0030109056 837685 1327.95664 1947.26131 16562.119 16.078236 3471.4158 5.4482861 18209.297 18.068821 0 "" "" "" "" 1327.95664 0.00082572567 1947.26131 0.00067648315 0.0069044782 -0.0083249109
2390.9047579601734 0.99977559 0.00099345448 -0.0030109037 837686 1327.95928 1947.26208 16544.477 16.084267 3494.7615 5.466897 18190.609 18.075598 0 "" "" "" "" 1327.95928 0.00082682422 1947.26208 0.00067734404 0.010801337 -0.0087501528
2390.906146850294 1.0002245 0.0009944234 -0.0030109019 837687 1327.95704 1947.26065 16553.709 16.096342 3512.9719 5.4801159 18194.691 18.089167 0 "" "" "" "" 1327.95704 0.00082625856 1947.26065 0.00067765301 0.011056297 -0.010558998
2390.9075357404145 0.99981749 0.0009964339 -0.0030109 837688 1327.9599 1947.26247 16514.895 16.096109 3536.7522 5.4925499 18150.334 18.088907 0 "" "" "" "" 1327.9599 0.00082950591 1947.26247 0.00067865971 0.013724199 -0.0079028411
2390.908924630302 0.99988216 0.00099703425 -0.0030108984 837689 1327.95168 1947.25931 16505.938 16.102869 3552.5569 5.5000911 18148.195 18.096504 0 "" "" "" "" 1327.95168 0.00083096616 1947.25931 0.00067931734 0.0028152221 -0.012639738
2390.910313520423 1.0003004 0.00099798199 -0.0030108965 837690 1327.96249 1947.2643 16514.826 16.116276 3569.5608 5.5140176 18153.646 18.11157 0 "" "" "" "" 1327.96249 0.00083083817 1947.2643 0.00067971216 0.016239088 -0.0052915043
2390.9117024105435 1.0 0.00099864358 -0.0030108946 837691 1327.95653 1947.26329 16507.275 16.123209 3587.3906 5.5219541 18143.973 18.119362 0 "" "" "" "" 1327.95653 0.00083192415 1947.26329 0.00068092998 0.009098947 -0.0063475594
2390.913091300664 1.0 0.001000677 -0.0030108928 837692 1327.95904 1947.2573 16468.834 16.123091 3606.3921 5.5478768 18106.971 18.11923 0 "" "" "" "" 1327.95904 0.00083420484 1947.2573 0.00068164477 0.010357594 -0.013080465
2390.914480190785 1.0 0.0010037685 -0.0030108909 837693 1327.95449 1947.26156 16419.734 16.121349 3633.511 5.5596523 18049.254 18.117273 0 "" "" "" "" 1327.95449 0.00083655678 1947.26156 0.0006839612 0.0072368248 -0.0097563006
2390.9158690809054 1.0 0.0010052796 -0.003010889 837694 1327.95782 1947.26616 16369.448 16.107939 3645.9343 5.5633206 18007.129 18.1022 0 "" "" "" "" 1327.95782 0.00083914655 1947.26616 0.00068664789 0.010926191 -0.0031805271
2390.9172579710257 1.0 0.0010095722 -0.0030108872 837695 1327.95804 1947.26041 16321.133 16.106781 3671.2637 5.5822277 17929.279 18.100901 0 "" "" "" "" 1327.95804 0.00084098126 1947.26041 0.00068754214 0.012739899 -0.010701528
2390.918646861146 1.0 0.0010123596 -0.0030108853 837696 1327.95732 1947.26514 16260.338 16.095951 3685.9182 5.5953708 17867.891 18.08873 0 "" "" "" "" 1327.95732 0.00084473478 1947.26514 0.00069050334 0.0092777973 -0.0048866547
2390.9200357512664 1.0 0.0010140637 -0.0030108835 837697 1327.96191 1947.26122 16230.157 16.093872 3700.0581 5.6037331 17835.559 18.086391 0 "" "" "" "" 1327.96191 0.00084669457 1947.26122 0.00069187413 0.016649155 -0.0090248864
2390.9214246413867 1.0 0.0010187329 -0.0030108816 837698 1327.95613 1947.26123 16143.317 16.079494 3721.8472 5.6171198 17737.951 18.070234 0 "" "" "" "" 1327.95613 0.00085092394 1947.26123 0.00069537002 0.0088274851 -0.0090093939
2390.922813531508 1.0 0.0010230227 -0.0030108797 837699 1327.9537 1947.26107 16069.522 16.066973 3748.1133 5.6368861 17649.816 18.056164 0 "" "" "" "" 1327.9537 0.00085436442 1947.26107 0.00069777778 0.0057782275 -0.009072395
2390.9242024216283 1.0 0.0010241102 -0.0030108779 837700 1327.96023 1947.26216 16034.354 16.058605 3754.6758 5.6431484 17621.893 18.046761 0 "" "" "" "" 1327.96023 0.00085639919 1947.26216 0.00069948367 0.014600024 -0.0081082117
2390.9255913117486 1.0 0.0010291636 -0.003010876 837701 1327.95481 1947.25997 15945.142 16.039875 3779.7905 5.6587157 17514.912 18.025713 0 "" "" "" "" 1327.95481 0.00086017326 1947.25997 0.00070287992 0.0091438582 -0.010971027
2390.92698020187 0.99999994 0.0010346681 -0.0030108741 837702 1327.95983 1947.26763 15834.025 16.015043 3802.0132 5.6763182 17394.76 17.997805 0 "" "" "" "" 1327.95983 0.00086565566 1947.26763 0.00070638303 0.015173703 -0.0021048901
2390.92836909199 1.0 0.0010376113 -0.0030108723 837703 1327.95828 1947.26007 15790.5 16.004517 3811.7888 5.6779437 17334.02 17.985975 0 "" "" "" "" 1327.95828 0.00086778041 1947.26007 0.00070784014 0.013352171 -0.0090367617
2390.9297579823433 1.0 0.0010431162 -0.0030108702 837704 1327.95398 1947.25565 15688.224 15.985718 3834.2783 5.6923099 17222.287 17.964848 0 "" "" "" "" 1327.95398 0.00087332714 1947.25565 0.00071172381 0.0071793282 -0.014212857
2390.931146872464 1.0 0.0010467888 -0.0030108683 837705 1327.95611 1947.26574 15616.677 15.970922 3854.8584 5.7065763 17145.982 17.948221 0 "" "" "" "" 1327.95611 0.00087696937 1947.26574 0.00071569957 0.011636081 -0.0028812094
2390.932535762585 1.0 0.0010506023 -0.0030108665 837706 1327.95333 1947.2583 15536.92 15.94963 3870.3313 5.7146921 17060.971 17.924294 0 "" "" "" "" 1327.95333 0.00088024331 1947.2583 0.00071785087 0.0073343157 -0.011808167
2390.933924652705 1.0 0.0010563304 -0.0030108646 837707 1327.95814 1947.2608 15452.624 15.939013 3899.6428 5.7410398 16957.158 17.912361 0 "" "" "" "" 1327.95814 0.00088541134 1947.2608 0.00072157627 0.014993813 -0.0089450944
2390.9353135428255 1.0 0.0010627599 -0.0030108627 837708 1327.95586 1947.26504 15339.013 15.911242 3918.9199 5.7485862 16825.203 17.881151 0 "" "" "" "" 1327.95586 0.00089058297 1947.26504 0.00072611624 0.012063614 -0.003953808
2390.9367024331796 0.99999994 0.0010659203 -0.0030108606 837709 1327.95594 1947.26228 15258.168 15.886615 3928.637 5.7528343 16749.354 17.853477 0 "" "" "" "" 1327.95594 0.00089533615 1947.26228 0.00072921591 0.010738675 -0.0087395702
2390.9380913233 1.0 0.001071135 -0.0030108588 837710 1327.95515 1947.25987 15189.093 15.879911 3947.7671 5.7701726 16660.777 17.845942 0 "" "" "" "" 1327.95515 0.00089994224 1947.25987 0.00073219743 0.011167114 -0.010582434
2390.93948021342 1.0 0.0010756281 -0.0030108569 837711 1327.95149 1947.25653 15098.495 15.851824 3965.8376 5.77388 16561.838 17.814379 0 "" "" "" "" 1327.95149 0.00090397306 1947.25653 0.00073528086 0.0071893265 -0.014512234
2390.940869103774 0.99999994 0.0010818985 -0.0030108548 837712 1327.9513 1947.26264 14997.474 15.835391 3987.7061 5.7960272 16448.779 17.79591 0 "" "" "" "" 1327.9513 0.00090928632 1947.26264 0.0007400437 0.0085063139 -0.0065313648
2390.942257993894 0.99999994 0.0010839213 -0.003010853 837713 1327.9587 1947.26579 14970.181 15.832808 4001.7803 5.8022122 16415.404 17.793007 0 "" "" "" "" 1327.9587 0.00091123075 1947.26579 0.00074198283 0.014561682 -0.003621049
2390.9436468842473 1.0 0.001089096 -0.0030108509 837714 1327.95325 1947.25874 14881.231 15.807738 4014.2012 5.8103285 16311.541 17.764833 0 "" "" "" "" 1327.95325 0.00091657793 1947.25874 0.00074410171 0.0085756406 -0.01152276
2390.945035774368 1.0 0.0010929691 -0.003010849 837715 1327.95585 1947.26376 14824.871 15.805564 4045.0591 5.8322148 16251.503 17.76239 0 "" "" "" "" 1327.95585 0.00091923913 1947.26376 0.00074799795 0.014427574 -0.0052196775
2390.9464246644884 1.0 0.0010962165 -0.0030108471 837716 1327.9547 1947.26166 14767.93 15.793496 4059.6636 5.8411036 16190.988 17.748829 0 "" "" "" "" 1327.9547 0.0009234607 1947.26166 0.0007497007 0.010889996 -0.0078145061
2390.9478135548416 0.99365646 0.0010947116 -0.003010845 837717 1327.94764 1947.25435 14672.248 15.77075 4082.4448 5.8508015 16087.195 17.723267 0 "" "" "" "" 1327.94764 0.00092923804 1947.25435 0.00075370871 0.0034513392 -0.017146444
2390.949202444963 0.9992286 0.0010995563 -0.0030108432 837718 1327.95589 1947.26548 14715.963 15.79014 4086.1877 5.8558455 16125.932 17.745058 0 "" "" "" "" 1327.95589 0.00092650589 1947.26548 0.00075323897 0.014718856 -0.0026939283
2390.950591335316 0.99720681 0.0011007618 -0.0030108411 837719 1327.94981 1947.26166 14678.213 15.79526 4119.2031 5.8743777 16080.889 17.750811 0 "" "" "" "" 1327.94981 0.00093035417 1947.26166 0.00075432489 0.010066248 -0.0086546019
2390.9519802254363 0.99534792 0.00110067 -0.0030108392 837720 1327.95148 1947.25763 14641.182 15.789732 4130.0444 5.8842645 16046.636 17.744598 0 "" "" "" "" 1327.95148 0.0009331652 1947.25763 0.00075668516 0.0092708617 -0.012048452
2390.9533691157903 0.99855894 0.0011041049 -0.0030108371 837721 1327.95641 1947.26357 14652.03 15.805173 4152.3145 5.8938112 16064.014 17.761951 0 "" "" "" "" 1327.95641 0.00093224907 1947.26357 0.00075739471 0.01487404 -0.0039043983
2390.954758006143 0.99681556 0.0011042497 -0.003010835 837722 1327.95393 1947.25982 14613.904 15.801051 4170.5488 5.9041219 16029.681 17.757318 0 "" "" "" "" 1327.95393 0.00093678391 1947.25982 0.00075920916 0.010404704 -0.0097646723
2390.9561468962634 0.99561304 0.0011054149 -0.0030108332 837723 1327.95136 1947.26263 14594.39 15.801124 4180.5757 5.9140511 15993.541 17.757401 0 "" "" "" "" 1327.95136 0.0009367615 1947.26263 0.00075973192 0.0099808555 -0.0082215965
2390.957535786617 0.99460834 0.0011065985 -0.0030108311 837724 1327.95441 1947.26044 14577.146 15.812376 4210.6167 5.9305835 15971.679 17.770046 0 "" "" "" "" 1327.95441 0.00093827886 1947.26044 0.00076158618 0.013676048 -0.0087260175
2390.9589246767373 0.99763358 0.0011089793 -0.0030108292 837725 1327.94944 1947.25935 14610.667 15.834927 4220.144 5.937717 16008.662 17.795387 0 "" "" "" "" 1327.94944 0.00093938375 1947.25935 0.0007610998 0.0073037245 -0.010534669
2390.9603135670905 0.99579936 0.0011089753 -0.0030108271 837726 1327.95404 1947.25968 14555.283 15.827182 4245.8608 5.9568295 15971.473 17.786684 0 "" "" "" "" 1327.95404 0.00094325742 1947.25968 0.0007635759 0.011308218 -0.011583041
2390.9617024574445 0.99911857 0.0011115469 -0.003010825 837727 1327.95121 1947.26122 14611.245 15.854816 4259.6631 5.962512 16015.552 17.817741 0 "" "" "" "" 1327.95121 0.00094011548 1947.26122 0.00076201442 0.0091795838 -0.0089094285
2390.9630913477977 1.0 0.0011133871 -0.0030108229 837728 1327.95209 1947.26153 14617.003 15.868086 4278.813 5.9736257 16016.582 17.832653 0 "" "" "" "" 1327.95209 0.00093885325 1947.26153 0.00076232204 0.011254353 -0.0069044847
2390.964480237918 1.0014546 0.001114741 -0.0030108211 837729 1327.95472 1947.26215 14634.217 15.886361 4293.3364 5.9900131 16038.847 17.853189 0 "" "" "" "" 1327.95472 0.00094018818 1947.26215 0.0007623682 0.014631927 -0.0084915692
2390.965869128272 1.0030981 0.0011166487 -0.003010819 837730 1327.94969 1947.26094 14647.936 15.906703 4316.0376 6.0017505 16058.26 17.876051 0 "" "" "" "" 1327.94969 0.00094177184 1947.26094 0.00076171668 0.0056494256 -0.0085332263
2390.967258018625 1.0080091 0.0011198303 -0.0030108169 837731 1327.94982 1947.26053 14706.664 15.936958 4338.0581 6.0198436 16121.635 17.910053 0 "" "" "" "" 1327.94982 0.00093913981 1947.26053 0.00076085847 0.0058363406 -0.0091911396
2390.9686469089784 1.0104374 0.0011227768 -0.0030108148 837732 1327.95377 1947.2589 14724.645 15.957048 4363.5811 6.03162 16138.381 17.932631 0 "" "" "" "" 1327.95377 0.00093906309 1947.2589 0.00076016644 0.011173952 -0.0097977584
2390.970035799099 1.0136758 0.0011243095 -0.0030108129 837733 1327.95604 1947.25981 14769.277 15.978626 4374.2939 6.0402169 16189.896 17.956879 0 "" "" "" "" 1327.95604 0.00093654875 1947.25981 0.00075961393 0.013764681 -0.010233901
